2
25 1 2 3 4 5 6 7 8 9 10 11 13 15 17 19 21 23 25 27 29 31 33 35 37 39
25 1 2 3 4 5 6 7 8 9 10 12 14 16 18 20 22 24 26 28 30 32 34 36 38 40
2
21 1 3 5 7 9 11 13 15 17 19 21 23 25 27 29 31 33 35 37 39 41
20 2 4 6 8 10 12 14 16 18 20 22 24 26 28 30 32 34 36 38 40
5
20 1 2 3 4 5 6 7 8 9 10 11 12 13 14 15 16 17 18 19 20
20 41 40 39 38 37 36 35 34 33 32 31 30 29 28 27 26 25 24 23 22
30 1 1 1 1 1 2 2 2 2 2 2 2 2 2 2 3 3 3 3 3 4 4 4 4 4 5 5 5 5 5
20 6 7 8 9 10 11 12 13 14 15 16 17 18 19 20 21 22 23 24 25
20 21 41 40 39 38 37 36 35 34 33 32 31 30 29 28 27 26 25 24 23
0
